aligner: /velodyne/image/compressed
bag_file: /root/cam2imu/data/GS4/2023-03-01-22-23-15.bag
base:
- 31.206388889
- 121.689444445
cam_distort:
- 1.5326651089157046
- -0.2553984756804195
- -9.121819675410397e-05
- -0.0001373540075669144
- 0.0627114781290859
- 2.633831350004563
- 0.3317456417181335
- 0.0
cam_id: '3'
cam_intrinsic:
- - 1463.0947011950427
  - 0.0
  - 926.7249831283102
- - 0.0
  - 1462.7056941965736
  - 471.2123967595766
- - 0.0
  - 0.0
  - 1.0
extrinsic:
- - 0.9999274224366984
  - -0.0081802736674163
  - -0.008844311095823718
  - 0.1467285911193869
- - -0.008815333009258223
  - 0.0035717501914860673
  - -0.999954760428572
  - -0.6359555903696521
- - 0.008211497461349053
  - 0.9999601633341023
  - 0.003499385396774396
  - -1.2329316980236644
- - 0.0
  - 0.0
  - 0.0
  - 1.0
extrinsic_ori:
- - 0.99992836
  - 0.00532837
  - -0.01071785
  - 0.04002097
- - -0.01074315
  - 0.0047424
  - -0.99993104
  - -0.54826213
- - -0.00527717
  - 0.99997456
  - 0.00479931
  - -1.2327042
- - 0.0
  - 0.0
  - 0.0
  - 1.0
geojson_path: /root/cam2imu/data/GS4/marking.geojson
height: 944
imu_id: 0
output_dir: /root/cam2imu/data/output/GS4.yaml
topics:
  gps-0: /met/gps/lla
  image: /velodyne/image/compressed
  velo: /met/gps/velocity
ts_begin: 00:00:00
ts_end: 00:01:00
type: pinhole
width: 1824
