aligner: /camera/maxieye/610
bag_file: /root/cam2imu/data/HS5/20230505_165615188_hq.bag
base:
- 31.206388889
- 121.689444445
cam_distort:
- 2.7915920800281673
- 0.2325430038523537
- 9.439173840558158e-05
- 0.00015494335273350373
- 0.0193763384603976
- 3.950746651824471
- 1.9066403495653699
- 0.0
- 0.0
- 0.0
- 0.0
- 0.0
- 0.0
- 0.0
cam_id: '3'
cam_intrinsic:
- - 1454.272220071105
  - 0.0
  - 928.1658785666249
- - 0.0
  - 1454.272220071105
  - 476.79717420753076
- - 0.0
  - 0.0
  - 1.0
extrinsic:
- - 0.998744213974911
  - -0.05009619707833319
  - 0.0006050259823199389
  - -0.11949167085828999
- - -0.00020083424738724952
  - -0.016079659497039666
  - -0.999870694562251
  - -0.4981047970357556
- - 0.05009944806066063
  - 0.9986149483845014
  - -0.016069527776134025
  - -1.441235039699804
- - 0.0
  - 0.0
  - 0.0
  - 1.0
extrinsic_610:
- - 0.9988814582676506
  - -0.04724965680504465
  - 0.0018172033726455083
  - -0.1589244399012434
- - 0.000877371879732925
  - -0.01990389433685292
  - -0.9998015137206077
  - -0.5088711886075737
- - 0.0472764479032907
  - 0.998684787342934
  - -0.019840175342892643
  - -1.4852399026632488
- - 0.0
  - 0.0
  - 0.0
  - 1.0
extrinsic_ori:
- [ 0.99935948, -0.03531236, -0.00580255, -0.10656832]
- [-0.00652397, -0.02034898, -0.99977165, -0.37553552]
- [ 0.03518623,  0.99916913, -0.02056632, -0.63555149]
- [ 0.        ,  0.        ,  0.        ,  1.        ]
# extrinsic_ori:
# - [ 0.99852301, -0.03600103, -0.04069054, -0.10656832]
# - [-0.04139714, -0.0191042 , -0.99896011, -0.37553552]
# - [ 0.03518623,  0.99916913, -0.02056632, -0.63555149]
# - [ 0.        ,  0.        ,  0.        ,  1.        ]
geojson_path: /root/cam2imu/data/HS5/marking2.geojson
height: 944
imu_id: 0
output_dir: /calib_ws/output/HS5_output.yaml
topics:
  camera: /camera/maxieye/610
  gps-0: /met/gps/lla_hc220pro
  velo: /met/gps/velocity
ts_begin: 00:00:30
ts_end: 00:01:00
type: pinhole
width: 1824
