aligner: /camera/maxieye/665/compressed
bag_file: /root/cam2imu_manual_calib/src/cam2imu_manual_calib/cam2imu_manual_calib/data/HS5/20230420_175227467_hq.bag
base:
- 31.206388889
- 121.689444445
cam_distort:
- -0.19919832305817203
- 0.08536355743165748
- 6.79732945272754e-05
- 5.961414255065788e-05
- 0.03876970243493246
- 0.35745020572327524
- -0.13866685540404844
- 0.141586534049574
- 0.0
- 0.0
- 0.0
- 0.0
- 0.0
- 0.0
cam_id: '3'
cam_intrinsic:
- - 1317.908115099552
  - 0.0
  - 933.0646602860838
- - 0.0
  - 1317.9632491811283
  - 535.6035942370662
- - 0.0
  - 0.0
  - 1.0
extrinsic:
- - 0.997071098844472
  - -0.07217061256243049
  - 0.02531060040100117
  - 0.12106890088120903
- - 0.02077846007825655
  - -0.06287115677089919
  - -0.9978053291485665
  - -0.624855532367241
- - 0.07360352861509888
  - 0.9954087702431044
  - -0.06118741908165635
  - -0.4403429390767923
- - 0.0
  - 0.0
  - 0.0
  - 1.0
extrinsic_610:
- - 0.9988814582676506
  - -0.04724965680504465
  - 0.0018172033726455083
  - -0.1589244399012434
- - 0.000877371879732925
  - -0.01990389433685292
  - -0.9998015137206077
  - -0.5088711886075737
- - 0.0472764479032907
  - 0.998684787342934
  - -0.019840175342892643
  - -1.4852399026632488
- - 0.0
  - 0.0
  - 0.0
  - 1.0
extrinsic_ori:
- - 0.99975495
  - -0.01932768
  - 0.01079285
  - 0.12510016
- - 0.01055773
  - -0.01222615
  - -0.99986952
  - -0.43083204
- - 0.01945711
  - 0.99973845
  - -0.0120191
  - -0.56803321
- - 0.0
  - 0.0
  - 0.0
  - 1.0
geojson_path: /root/cam2imu_manual_calib/src/cam2imu_manual_calib/cam2imu_manual_calib/data/HS5/marking.geojson
height: 944
imu_id: 0
output_dir: /root/cam2imu_manual_calib/src/cam2imu_manual_calib/cam2imu_manual_calib/output/HS5_output.yaml
topics:
  gps-0: /met/gps/lla_hc220pro
  image: /camera/maxieye/665/compressed
  velo: /met/gps/velocity
ts_begin: 00:00:00
ts_end: 00:02:00
type: pinhole
width: 1824
