aligner: /camera/maxieye/665/compressed
bag_file: /root/cam2imu_manual_calib/src/cam2imu_manual_calib/cam2imu_manual_calib/data/HS5/20230420_175227467_hq.bag
base:
- 31.206388889
- 121.689444445
cam_distort:
- -0.19919832305817203
- 0.08536355743165748
- 6.79732945272754e-05
- 5.961414255065788e-05
- 0.03876970243493246
- 0.35745020572327524
- -0.13866685540404844
- 0.141586534049574
- 0.0
- 0.0
- 0.0
- 0.0
- 0.0
- 0.0
cam_id: '3'
cam_intrinsic:
- - 1317.908115099552
  - 0.0
  - 933.0646602860838
- - 0.0
  - 1317.9632491811283
  - 535.6035942370662
- - 0.0
  - 0.0
  - 1.0
extrinsic:
- - 0.9977576215973064
  - -0.06115559837518276
  - 0.02719781786130194
  - 0.0985143464238745
- - 0.023035070362638643
  - -0.06777196760149051
  - -0.997434883877141
  - -0.7363874754924681
- - 0.06284197686776656
  - 0.9958247600572337
  - -0.0662112736050737
  - -1.0406918607968685
- - 0.0
  - 0.0
  - 0.0
  - 1.0
extrinsic_ori:
- - 0.99964518
  - -0.0265783556
  - 0.00176190468
  - -0.105018518
- - 0.00107810182
  - -0.0257202328
  - -0.999668599
  - -0.524388317
- - 0.0266148642
  - 0.999315796
  - -0.0256824525
  - -1.41747527
- - 0.0
  - 0.0
  - 0.0
  - 1.0
geojson_path: /root/cam2imu_manual_calib/src/cam2imu_manual_calib/cam2imu_manual_calib/data/HS5/marking.geojson
height: 944
imu_id: 0
output_dir: /root/cam2imu_manual_calib/src/cam2imu_manual_calib/cam2imu_manual_calib/output/HS5_output.yaml
topics:
  gps-0: /met/gps/lla
  image: /camera/maxieye/665/compressed
  velo: /met/gps/velocity
ts_begin: 00:00:00
ts_end: 00:02:00
type: pinhole
width: 1824
