aligner: /camera/maxieye/610/compressed
bag_file: /root/cam2imu/data/HS5/20230420_175227467_hq.bag
base:
- 31.206388889
- 121.689444445
cam_distort:
- 2.7915920800281673
- 0.2325430038523537
- 9.439173840558158e-05
- 0.00015494335273350373
- 0.0193763384603976
- 3.950746651824471
- 1.9066403495653699
- 0.0
- 0.0
- 0.0
- 0.0
- 0.0
- 0.0
- 0.0
cam_id: '3'
cam_intrinsic:
- - 1454.272220071105
  - 0.0
  - 928.1658785666249
- - 0.0
  - 1454.272220071105
  - 476.79717420753076
- - 0.0
  - 0.0
  - 1.0
extrinsic:
- - 0.9993502389842136
  - -0.03578896280600011
  - 0.004271996463537282
  - -0.19875696608164983
- - 0.003523399334370726
  - -0.02095400237519656
  - -0.9997742330501803
  - -0.6035020469955965
- - 0.03587039835483198
  - 0.9991396696528515
  - -0.020814288337309597
  - -1.7157271473974445
- - 0.0
  - 0.0
  - 0.0
  - 1.0
extrinsic_ori:
- - 0.99964518
  - -0.0265783556
  - 0.00176190468
  - -0.105018518
- - 0.00107810182
  - -0.0257202328
  - -0.999668599
  - -0.524388317
- - 0.0266148642
  - 0.999315796
  - -0.0256824525
  - -1.41747527
- - 0.0
  - 0.0
  - 0.0
  - 1.0
geojson_path: /root/cam2imu/data/HS5/marking.geojson
height: 944
imu_id: 0
output_dir: /root/cam2imu/data/HS5/HS5_output.yaml
topics:
  gps-0: /met/gps/lla
  image: /camera/maxieye/610/compressed
  velo: /met/gps/velocity
ts_begin: 00:00:00
ts_end: 00:02:00
type: pinhole
width: 1824
