aligner: /met/camera0
bag_file: /root/cam2imu/data/new_GS4/28.bag
base:
- 31.206388889
- 121.689444445
cam_distort:
- 14.23191402697758
- 13.35471561776512
- 0.0003856671911666913
- -2.716917387627506e-05
- 1.533884393881034
- 14.92654012185822
- 22.26740416463808
- 7.298974197142029
cam_id: '3'
cam_intrinsic:
- - 1213.22793
  - 0.0
  - 958.757305
- - 0.0
  - 1213.22793
  - 540.802247
- - 0.0
  - 0.0
  - 1.0
extrinsic:
- - 0.9997872657770726
  - 0.006312118946604194
  - -0.01963591904387086
  - 0.030650925916493686
- - -0.019756676480434228
  - 0.019674631724499635
  - -0.9996112108234405
  - -0.45237748978355585
- - -0.005923331159971832
  - 0.9997865114877664
  - 0.019795159007362662
  - -1.9315883665946607
- - 0.0
  - 0.0
  - 0.0
  - 1.0
extrinsic_ori:
- - 0.99962191
  - 0.01924625
  - -0.01963736
  - -0.02025086
- - -0.01989909
  - 0.01350317
  - -0.99971081
  - -0.49787335
- - -0.01897551
  - 0.99972359
  - 0.01388105
  - -1.55145984
- - 0.0
  - 0.0
  - 0.0
  - 1.0
geojson_path: /root/cam2imu/data/new_GS4/marking3.geojson
height: 1080
imu_id: 0
topics:
  camera: /met/camera0
  gps-0: /met/gps/lla
  velo: /met/gps/velocity
ts_begin: 00:00:00
ts_end: 00:01:00
type: pinhole
width: 1920
